Москва:48332904, 37616770, 174875840, 119807555, 138520920
Санкт-Петербург:77598642, 59086790, 340282, 129082750, 43970877
Новосибирск:77598662, 93463463, 1239965, 96791381, 63544113
Екатеринбург:64024277, 59942599, 47733903, 73233845, 97142753
Нижний Новгород:95456905, 85981543, 64009910, 116412635, 97143597
Самара:101193338, 132561435, 118516968, 68166256, 11134553
Омск:115207698, 76091195, 120147081, 76731733, 100885471
Казань:114204576, 34939749, 156232292, 97143900
Челябинск:73116999, 39742847, 49833607, 51019753, 68195702
Ростов-на-Дону:101115051, 43129684, 141768636, 92775033, 98589194
Уфа:49446802, 100332288, 80100099, 128299034, 101779121
Волгоград:48185954, 70320884, 84715004, 88056594, 50980338
Пермь:101781312, 120075170, 58728279, 144885532, 132750707
Красноярск:38352116, 96739089, 97394309, 87803591, 145305044
Воронеж:75911485, 94180438, 123269371, 187207803, 202317258
Саратов:68278683, 88367329, 44647479, 104790015, 86935387
Краснодар:169115347, 61748265, 26870009, 45789615, 70139836
Тольятти:9279589, 131226348, 118508269, 68166256, 93205202
Ижевск:11468852, 132528305, 93792010, 46550863, 59108020
Ульяновск:33607497, 63290762, 126357571, 81034560, 10439079
Барнаул:182316276, 43417891, 3190125, 199845891, 38608739
Владивосток:65772138, 131249160, 201919537
Ярославль:91497679, 76752083, 128646306, 82948523, 31070410
Иркутск:108034780, 124103835, 97806360, 148010664, 67376588
Тюмень:113551279, 107812272, 132284417, 87640199, 116134648
Махачкала:205299314, 143565536
Хабаровск:94013374, 97945527, 117856861, 75605285
Новокузнецк:209361750, 96302313, 79547338, 134014624, 117428615
Оренбург:116760792, 66140832, 100494477, 76392360, 145835588
Кемерово:46052212, 66632902, 194822610, 61703857
Рязань:112773081, 134218637, 110413173, 99552301, 86717027
Томск:58238796, 53077193, 118061730, 59563195, 58732382
Астрахань:91574100, 60312983, 49466724, 122136307
Пенза:2644145, 103606006, 134098701, 81675494, 60716410
Набережные Челны:32616995, 82171715, 98671624, 25878125, 76443091
Липецк:10788243, 118726804, 182164885, 49869454, 123457185
Тула:131159933, 58791443, 106318428, 193237743, 125572993
Киров:63046834, 118697177, 115134119, 132458763, 215405787
Чебоксары:34015215, 102235280, 2127628, 118095794, 29442958
Калининград:74165850, 917531, 78636806, 158131523, 11829860
Брянск:71578843, 119027256, 74958867, 191759781, 69950423
Курск:6763188, 62144429, 175519347, 187087512, 57375204
Иваново:70447253, 117748404, 67374525, 15017743
Магнитогорск:20998107, 52237138, 34408215, 94883463, 96566734
Улан-Удэ:62829882, 89655336, 101868728, 61910697
Тверь:119822270, 24082952, 123889565, 66684898, 112851550
Ставрополь:81174480, 32417950, 61605636, 178702812, 150399065
Нижний Тагил:22171862, 78063023, 100138584, 70979888, 52940193
Белгород:199557318, 59335809, 108451444, 143330823, 165521991
Архангельск:400129, 37934275, 136609755, 96365581, 31905775
Владимир:78444826, 109433782, 12419717, 160436700, 40224459
Сочи:196669256, 21244617, 164251273, 57752969, 127229702
Курган:25769956, 95302927, 93037758, 121479350, 11285973
Смоленск:98538774, 83553767, 108811912, 198540282, 94228284
Калуга:183937434, 15679706, 76755782, 66761692, 105922176
Чита:102304582, 99729443, 6589697, 17761502
Орёл:20061467, 192326160, 89733036
Волжский:9128593, 70320884, 108360124, 126280611, 187975079
Череповец:11923866, 62584615, 78223141, 108799779, 36608844
Владикавказ:108932985, 57875329, 192064765
Мурманск:2586127, 51261553, 51781730, 151831072, 208974644
Сургут:79361134, 9111741, 101326529, 107808170, 208972526
Вологда:13009667, 25404318, 92982616, 146398685, 30200969
Саранск:11588747, 103874917, 74645135, 100032348, 67001154
Тамбов:130763629, 92872285, 152282266, 16670955, 132651064
Стерлитамак:40288875, 57003989, 89053834, 89881996, 80384898
Грозный:184147595
Якутск:25754797, 20560849
Кострома:127939890, 108352333, 90364673, 205844525
Комсомольск-на-Амуре:216627017, 118974260
Петрозаводск:29074887, 93372720, 30160930, 56233040, 5047290
Таганрог:29372718, 52312999, 53052868, 187173973, 126739619
Нижневартовск:37476058, 35022483, 99912464, 41492550
Йошкар-Ола:54859136, 156134151, 48879604, 72641751
Братск:59509435, 160262923
Новороссийск:174511227, 129538495, 165783528, 34978939, 147613006
Дзержинск:125016665, 145518148, 143867787
Шахты:99600924, 186863507, 158217633
Нальчик:205284966, 85362782
Орск:163037661, 76392360, 105502357, 121120437, 89515467
Сыктывкар:62321122, 118510386, 109903166, 106751181, 138789373
Нижнекамск:40898480, 63541144, 57611217, 181316214, 94363984
Ангарск:144734985, 127094098
Старый Оскол:103530953, 79625879, 82689092, 106419287
Великий Новгород:6458, 100455204, 2411123, 191711051, 967809
Балашиха:111824140, 177679267, 60555011, 192845619
Благовещенск:79253902, 142581966, 133359029
Прокопьевск:55227772, 24712569, 99966434, 95138030
Бийск:116870020, 126207992, 82505836, 101897292
Химки:92209764, 132548609, 22737077
Псков:862244, 130118599, 126389692, 90263600, 129878488
Энгельс:68278683, 44647479, 36070922, 100455733, 86935387
Рыбинск:119146871, 196771952, 107628306, 117686622, 163810936
Балаково:13800081, 101278831, 69530138
Северодвинск:31905775, 62312959, 194491804, 118245209, 2426175
Армавир:82975675, 55793762, 64839090, 80326392, 117014234
Подольск:69246756, 136333427, 172503990, 101312792, 111822065
Королёв:113516401, 110921783, 97638208
Южно-Сахалинск:114028774, 97777717
Петропавловск-Камчатский:205285259, 139124261
Сызрань:116003889, 102035326, 33749106, 134164247
Норильск:109661780, 67525203, 108941063
Златоуст:53392151, 106806245, 94057895, 86934324, 102740655
Каменск-Уральский:78617631, 89257557, 43300145, 59859599
Мытищи:113516401, 110921783, 130719805
Люберцы:111826905, 98602275, 104610102
Волгодонск:64982056, 102028364, 187292654, 76026506
Новочеркасск:176560689, 147964137, 186901963, 26596180
Абакан:118694320, 60456699, 61000635, 106530820, 9364037
Находка:137110482
Уссурийск:201919537, 65692717
Березники:90059192, 119730960, 5892509, 104619517, 90866372
Салават:60089526, 94502959, 35201355, 102028928, 56915976
Электросталь:71559072, 6040444, 28714294, 142432522, 113516615
Миасс:41094366, 81764640, 85453484, 87698412, 112239713
Рубцовск:85621995, 166815646, 201918910
Альметьевск:161968987, 101577677, 46260401, 119109578, 1590206
Ковров:105222352, 115960756, 216974096
Коломна:90019340, 90773362, 31412781, 94932449, 132254110
Майкоп:106239997, 26367080, 113300498
Пятигорск:75293623, 107089521, 121839116, 89500238
Одинцово:105510809, 96390498, 59424600, 131946466, 113893923
Колпино:107721427, 58784835, 58783435, 97074598
Копейск:138285883, 57386825, 26199855, 87704221, 78821903
Хасавюрт:205299314
Железнодорожный:111824140, 177679267
Новомосковск:400204, 139158407, 23956352
Кисловодск:74015624, 107089521, 176663873
Серпухов:91262460, 106065836, 197177086, 26101156
Первоуральск:39437443, 99148268, 99827051, 44158654
Новочебоксарск:18302420, 99296194
Нефтеюганск:8120742, 31858817, 79783865, 105527421, 83264662
Димитровград:114394357, 123260650, 74637090, 95231157, 106349159
Нефтекамск:32077955, 118014509, 45815736, 109556744
Черкесск:112237258
Орехово-Зуево:28057667, 89655379, 83719377, 91222747
Дербент:205299314
Камышин:13816974, 102797600
Невинномысск:33398010, 64322812
Красногорск:120930450, 172504035, 162243135
Муром:95522563, 115960756, 123648133
Батайск:78650819, 51395732
Новошахтинск:167803868, 161243744
Сергиев Посад:79877933, 102901802, 135136747
Ноябрьск:38367797, 95278529, 84875836
Щёлково:92321708, 47779576, 110921783, 171418480, 99449613
Кызыл:80204327, 64883253, 97155565
Октябрьский:88544772, 112652747, 109492342, 154789299, 98514556
Ачинск:63670717, 131041492, 114285225, 63261110
Северск:103853663, 53077193, 172673123
Новокуйбышевск:149419242, 101591020, 100788556, 126734628
Елец:94536629, 213067415, 176677201
Арзамас:116152062, 106531447, 86871133, 139802911
Обнинск:52724733, 13238852, 120560822, 156067989, 177284387
Новый Уренгой:52300991, 59806135, 91073094, 135816107, 199082868
Каспийск:115592209, 165407586
Элиста:113074884, 131225970, 98122338, 198989202, 80702647
Пушкино:130719805, 110921783, 94272352, 171418480, 97638208
Жуковский:130856339, 75817001, 91769756, 155378923, 6323382
Артём:67521931, 116023949
Междуреченск:132733960, 65844940
Ленинск-Кузнецкий:133722807, 69463772, 99160669
Сарапул:118422812, 108762690, 181138853, 144935528, 201115486
Ессентуки:121421847, 107089521, 176677961
Воткинск:167609299, 104621760, 144943292, 44719773, 82877382
Ногинск:64614061, 6040444, 28714294, 142432522, 71559072
Тобольск:32884101, 95269470, 104251125, 109587283, 56494773
Ухта:54283013, 5694152, 147374974, 125232573, 7244312
Серов:52057786, 145010363, 37105785
Великие Луки:200226087, 71338927, 88137565
Мичуринск:200196211, 104286720, 185284855, 145297108, 80090977
Киселёвск:40724363, 38043539
Новотроицк:200224776, 116128546
Зеленодольск:193302256, 142551670, 110482232, 174608697, 13477883
Бердск:200224459, 35366558, 101959572, 82696801, 179339244
Соликамск:60312735, 119730960, 5892509, 104619517, 90132244
Раменское:82522231, 75817001, 91769756, 155378923, 130856339
Домодедово:113533679, 79405524, 57359029, 45994242
Магадан:73999866, 187294447
Глазов:91488421, 117560516, 201115486
Каменск-Шахтинский:188311232, 150899914, 184475949, 92443382, 107217501
Железногорск:150709673, 61006621, 125782610, 187247139, 52988820
Канск:63261110, 131233514, 118509119, 153493820
Назрань:205300471
Пушкин:104249737, 58784835, 110921783, 94272352, 130719805
Гатчина:86327909, 121636905, 65110701, 205376878, 134754832
Саров:116152062, 121192563, 154941873, 57192108
Воскресенск:90019340, 28994830, 21105982, 36133410
Долгопрудный:102087417, 60047785, 189131767, 135137384
Бугульма:85414768, 75008055, 56390535, 110496980, 69546525
Кузнецк:133722807, 69463772, 121510808, 109307386
Губкин:103530953, 91054403, 108817227, 209726595, 166547244
Кинешма:66744095, 103944419, 182783007, 35122053, 133923497
Ейск:125680627, 188763507, 90685849, 130022175
Реутов:170012623, 177679267, 172504145, 176686534
Усть-Илимск:110170693, 74447520, 184612092, 89747224, 107182301
Железногорск:150709673, 61006621, 125782610, 187247139, 52988820
Новоуральск:102139372, 118220661, 85579691, 185323469, 74170595
Усолье-Сибирское:118699336, 184612132, 176686982
Чайковский:78746861, 101660353, 56840077, 75812075, 9452483
Азов:77044535, 34041452, 137151411, 178049474
Бузулук:4343745, 142252347, 95277729, 98646960, 200224776
Озёрск:84382507, 100484778, 153967393
Балашов:106200171, 191169231, 185410309, 47731150, 133950120
Юрга:134454436, 103563160, 130563075, 185410329, 156853721
Кирово-Чепецк:197295763, 131513506, 185410356, 176710210
Кропоткин:117014234, 187084032, 101551741, 182828436, 134012257
Клин:92954602, 147406879, 80610412, 203852765, 61111440
Выборг:134754832, 79735870, 93871882, 187835987
Ханты-Мансийск:98034860, 127938203, 157728959, 53801234, 98975513
Троицк:103437998, 88294029, 95880268, 148834192, 136706551
Бор:77435850, 41324913, 186612730, 98092439, 84962456
Шадринск:20238575, 100343916, 82761914, 166189545, 90170755
Белово:133722807, 69463772, 119055225, 198003619, 64720322
Минеральные Воды:105459105, 184674906, 188311335
Анжеро-Судженск:99374155, 171562112
Биробиджан:176711964, 106772201
Лобня:190538190, 195481395, 189131767, 172504797, 135137384
Петергоф:148960311, 173408881, 128484541, 30327628
Чапаевск:154394663, 101744418, 154774059, 88497471, 120790935
Георгиевск:121421847, 121839116, 185523941, 210526221, 176712455
Черногорск:201922739, 78845230, 118388695, 182871233, 188311420
Минусинск:67842215, 106869153, 118388695, 182871258, 162353307
Михайловск:80962372, 151549735, 111095375, 187102923, 146393241
Елабуга:42991037, 50404446, 34439293, 136607275
Дубна:136433285, 124596318, 177264485, 116809741, 150470759
Воркута:35035342, 137525508, 184320351, 205301188
Новоалтайск:188311384, 210949690, 83407806, 185523896, 176712081
Егорьевск:33216784, 70287403, 182871389, 136433791
Асбест:79992303, 99571521, 184741796, 111133687
Белорецк:59935897, 112495712, 19478670, 86659192, 38850975
Белогорск:176824424, 184741922, 79643244, 133359029
Гуково:162057296, 95025179, 191771433, 203677516, 176719077
Ступино:79972868, 88880720, 185880855, 170217386
Туймазы:98514556, 105808074, 79875300, 37419435, 89186896
Кстово:148745085, 117679783, 76199421, 176719165
Вольск:72673905, 62838730, 182881857, 102335246
Ишимбай:63994196, 117765429, 134442755, 97252584, 72529933
Кунгур:8247034, 89520327, 105331018, 197539130, 107467207
Зеленогорск:109569602, 170080061, 182881941, 149417608
Лысьва:89176440, 124691497, 96168604, 109390490, 19993443
Сосновый Бор:42271841, 79011099, 182882000, 176719420
Буйнакск:139157990, 185697156
Борисоглебск:58684413, 187720624, 184775511, 78964667
Ишим:114457952, 117765429, 134442755, 63994196
Наро-Фоминск:81989534, 87249056, 144917063, 197173680, 143429027
Будённовск:139159436, 184775552, 176719671
Донской:149861690, 176719718
Полевской:57249769, 98809820, 184775591, 149298283, 89241605
Лениногорск:123231615, 163252257, 187900408, 42113303, 176719809
Павловский Посад:137134304, 93454401, 151256088, 97621904, 143428775
Славянск-на-Кубани:139160612, 117984452, 28619814, 186988225, 176719859
Заречный:200225210, 70627318, 185951120, 176742208
Туапсе:117834390, 96705327, 182908554, 187021557, 146938954
Россошь:84792932, 73079294, 182908572, 121800074
Кумертау:114944013, 147347206, 165242337, 77172084, 106441274
Лабинск:136114937, 187083147, 189849674, 6985014
Сибай:39886782, 119166205, 95991104, 75275294, 80099973
Клинцы:108932987, 203852765, 124405713, 190907421
Ржев:93519443, 113347152, 117063459, 184890724, 51824676
Ревда:78369385, 76052329, 117544915, 105310614, 38017664
Тихорецк:139194615, 190690238, 184890748, 111798606, 203564843
Нерюнгри:80581470, 120692089, 184890774, 176743728
Алексин:72683038, 79195345, 184890789, 75685845
Александров:94543971, 117817987, 95825046
Дмитров:82544098, 19880316, 187991935, 177520824
Мелеуз:114944013, 60602571, 147347206, 95414360, 56915976
Сальск:159109600, 191626146, 183136703, 162352010
Лесосибирск:20064132, 117312224, 183136744, 184760686
Гусь-Хрустальный:160041559, 130526275, 183136774, 88202435
Чистополь:61194112, 43149991, 87691002, 75927441, 103285410
Павлово:47299263, 74295861, 183136854, 151898505, 176763839
Чехов:130853047, 119116117, 144992347, 136758890
Котлас:91303678, 93063819, 73124420, 121644924, 44426043
Белебей:89186896, 114027812, 185227188, 20804449
Искитим:200224459, 82696801, 151122164, 185227205, 139211221
Верхняя Пышма:107041939, 198003869, 183305664, 163880845
Краснотурьинск:79085077, 92031455, 185227249, 8625553
Апатиты:127724141, 94702598, 88618658, 185227272, 155871616
Всеволожск:91667537, 25383629, 185227307, 127213909
Прохладный:205284966, 187060071, 171219147, 139286286
Михайловка:121402893, 195662059, 186087172, 105581054, 176765384
Анапа:102996338, 49572129, 99433431, 186991207, 149566903
Тихвин:134754832, 103303879, 108988966, 63494956, 102487584
Свободный:133359029, 30633709
Ивантеевка:91497561, 171418480, 132095990, 99878665, 99449613
Шуя:86011304, 152550333, 130864154, 133923497
Когалым:45460379, 96670197, 97833032, 59439426, 178968991
Щёкино:137497127, 183305817, 176765907
Крымск:147405553, 149769298, 183613093
Вязьма:89370280, 74510341, 84222367, 185294153, 108941681
Горно-Алтайск:91926480, 101901694, 182908597, 33569526
Видное:113533679, 78336677, 73883490, 41576885
Арсеньев:139344955, 185294214, 176766287
Избербаш:185697203, 98044374, 180779808
Выкса:113705730, 114676179, 193593712, 115781953, 184562617
Климовск:111822065, 136333427, 172503990, 122994904, 104154690
Лиски:94539624, 99714273, 185294258, 212623699, 160044269
Волжск:9128593, 70320884, 108360124, 126280611, 84109149
Краснокаменск:201919213, 139372593
Жигулёвск:160630042, 69229112, 176766122
Фрязино:91497561, 117786981, 171418480, 90305250, 58489207
Узловая:81276471, 118216583, 17789252, 139374775
Лыткарино:168412233, 177148751, 109323789, 92181299
Нягань:138804599, 90109315, 154593723, 116350707, 176806485
Рославль:91497679, 107261387, 76752083, 164589027, 98750319
Геленджик:106742388, 187078484, 91040940, 147613006
Тимашёвск:68099979, 183686305
Белореченск:120359414, 92591730, 186021336, 187012787, 131881102
Боровичи:47773610, 186612730, 108937227, 9382678, 83098577
Солнечногорск:72898478, 132548609, 9828369, 81435866, 91701092
Назарово:104820989, 97374309, 50291676, 99731748, 78358130
Кириши:134754832, 439785, 108926255, 152271196, 157593470
Черемхово:108674026, 58956126, 118614656, 126744720
Вышний Волочёк:176808642, 152639430, 139429720
Краснокамск:81225899, 172269276, 65154834, 62570325
Берёзовский:125564020, 59985076, 169276431, 139648916
Балахна:79876300, 114676179, 102059734, 98711974, 98016008
Ливны:123118799, 107667657, 78198360
Лесной:35588822, 118066321, 151425079, 58558916
Донецк:108642049, 66098093, 93620414, 108336621, 95312159
Североморск:200223770, 83115870, 169702128, 64160426, 176808939
Саяногорск:10376251, 185996274
Бугуруслан:46306871, 115689787, 186231631, 190502302
Кимры:93519443, 92393126, 116809741, 85064848, 51824676
Мегион:176809472, 113838643, 137202166, 166073779
Кизляр:139443163, 98044374, 81118528
Урус-Мартан:139471885, 198080138
Снежинск:183944602, 90533171, 105836251, 40286932, 139472867
Кингисепп:49444901, 20300360, 25699231, 156288011, 176809653
Заринск:201918910, 74005784, 139475107
Отрадный:28648548, 160630480
Курганинск:194327725, 188835269, 127777055, 162007763
Шелехов:177871676, 95385286, 102267172, 115968021, 177283782
Можга:154222749, 118641942, 120208632, 56304558, 119043275
Сертолово:139479663, 91396598, 102740192
Ярцево:108941681, 168707451, 123135381, 67245915, 188309557
Шали:184147595, 171049241
Торжок:12954986, 57923429, 145539766, 93519443
Рузаевка:54947011, 56704099, 91392659, 160606733
Волхов:139647690, 64830443, 95254532, 176811712
Берёзовский:125564020, 59985076, 169276431, 139648916
Дзержинский:104622021, 145518148, 176812049
Грязи:94536629, 159920513
Чусовой:89176440, 109390490, 96168604, 106860094, 79062350
Надым:30129441
Верхняя Салда:129296580, 166145194
Сафоново:176861654, 101260781, 97092865, 194403313
Осинники:176861794, 75968316, 84033267, 79171046
Кольчугино:176861857, 119401952, 121296948, 139652805
Гудермес:184147595, 139653848
Канаш:50699589, 81699479, 137566067, 78882667, 200265289
Рассказово:200196211, 20418058, 176862419
Сатка:127979279, 87580150, 158834933, 90135268, 139667918
Мончегорск:48460863, 122991035, 94832760, 96745321, 136564908
Куйбышев:111547408, 25459089, 197652365, 172584918, 143213812
Усть-Кут:28709907, 95750762, 125269160
Тулун:77378893, 92818379, 128804075
Красное Село:189081526, 130196712, 103054736, 72295811
Шебекино:95150873, 198714300, 133955355, 82209356, 107972900
Спасск-Дальний:139670924, 176863363
Камень-на-Оби:162058621, 122901441, 176885548
Белая Калитва:176863446, 192730976, 186830655
Печора:205301188, 90600292, 90944670, 22291469, 176863497
Чебаркуль:41094366, 87737417, 104136690, 81623525, 139703912
Радужный:66388399, 43465687, 67992452
Усть-Лабинск:6985014, 187083147, 162187992
Мценск:182023392, 77127838, 61391749, 78198360
Мыски:162053888, 19593717, 176864062
Ломоносов:149786909, 173408881, 27789419, 139707476
Кронштадт:139708209, 67734749, 46668194, 10433036
Амурск:161174924, 176864097
Курчатов:133028408, 187162847, 98911783, 107630421
Салехард:176864203, 90686299, 118762855, 36040269, 166073133
Ефремов:141200884, 46172742, 176884697
Стрежевой:176837698, 116440742, 113908074, 161191765
Аксай:162425999, 118678284, 72847723, 186787821, 51395732
Переславль-Залесский:150418147, 176885114
Ахтубинск:133357659, 114832617, 146173882, 160832441
Кашира:161724514, 88880720, 170434963, 66178497
Заинск:103856852, 78382689, 72345945, 95558641, 97869748
Советск:45863799, 95020807, 137650011, 21200965
Пугачёв:176885714, 177591883, 177325667, 141195804
Лангепас:14619697, 129938329, 175482115, 176885750
Бирск:160565059, 93565839, 116644109, 3915962, 176885786
Урюпинск:83428669, 148286113, 86791534, 94368646
Моршанск:65297270, 117852397, 82241027, 200196211
Пыть-Ях:83264662, 87699222, 27198433
Качканар:35588822, 118066321, 138360162, 151425079, 58558916
Конаково:93507652, 215260092, 102902938, 77946792, 107835399
Ртищево:43810244, 109603821, 145502693, 141189086
Вязники:118804961, 137747578, 102310477, 133800364
Кореновск:129410557, 187013861, 182142295, 115065115, 161917767
Усинск:205301188, 140656041, 76036745, 121510066, 176886518
Тутаев:108942305, 195560810, 108451974, 156597240
Красный Сулин:176886615, 67732180, 145254264, 123867675, 162325563
Саянск:177283782, 118130486, 119905959, 190899078
Новодвинск:23516710, 192969951, 129507068, 160040986, 71560283
Новозыбков:107983536, 117211963, 105131439
Людиново:177284387, 112272634, 119754383, 81542103, 162867201
Изобильный:176887001, 198003689, 114580817, 161515620
Мариинск:36570175, 102936913, 130160413, 42232896
Черняховск:85237007, 118405030, 180262007, 125923750, 108940421
Заволжье:98016008, 114676179, 102059734, 98711974, 112250456
Апшеронск:141622847, 198003768, 121621564, 125385237, 176887961
Троицк:103437998, 88294029, 95880268, 148834192, 136706551
Красноуфимск:96580785, 104384925, 105177265, 186816845, 72836276
Коряжма:91303678, 93063819, 73124420, 121644924, 44426043
Каменка:200225210, 80214743, 80214823, 43810244
Елизово:205285259, 105230361, 140252577
Фролово:177279799, 101837117, 141976178, 176888200
Урай:75684106, 68793032, 176888260
Большой Камень:161461849, 176888425
Тосно:16054600, 126354146, 4890844, 134754832
Алексеевка:176888571, 110527939, 204982539, 81190321, 144054405
Коркино:92404030, 88456383, 61211517, 119562629, 78821903
Кыштым:183968482, 99485253, 114895092, 142897840, 131216624
Лянтор:161538066, 117010677, 176888775
Моздок:108932985, 187085624, 141892902, 176906965
Партизанск:155015092, 161572155
Шарыпово:11423203, 81064967, 164314869, 72224773
Светлоград:176907268, 213739090, 106257794, 161658676
Сокол:83065143, 133451045
Ирбит:72755142, 67132881, 98967901, 139049476
Гай:101829805, 66181522
Реж:36808092, 121251279, 166145502
Алатырь:35040409, 155437994, 178497640
Алапаевск:55658190, 55482975, 124069016, 36808092
Темрюк:76493034, 118432932, 127864892, 196449519, 171038841
Южноуральск:136706551, 86864343, 120352760, 187896391
Учалы:108683789, 65953407, 44152974, 133510092, 106320540
Вичуга:133923497, 76720264
Дальнегорск:141010639, 176911016
Протвино:26101156, 106065836, 186446137, 58626936, 176911064
Мирный:94260399, 190974173, 166311842, 7050801
Нижнеудинск:161923709, 118338619, 78615033, 121386278, 125270587
Лесозаводск:95750840, 124243984, 176911361
Баксан:205284966, 35654440, 179272487, 168832242, 141003711
Беслан:108932985, 198080179
Сестрорецк:92221252, 111515587, 137386881, 186476101
Ялуторовск:184033749, 102342677, 118025070, 166074299
Миллерово:162325607, 197178231, 122504060, 120636764, 176911505
Луга:89321406, 78983894, 90675603, 108337504, 158365887
Кизилюрт:160628580, 198080241
Фурманов:87827053, 108914501, 81420675, 160045104
Краснознаменск:40040213, 177680870, 177610543, 174869524, 190584493
Зеленокумск:176911793, 116932444, 144727396, 161515541
Кулебаки:113705730, 193593712, 130603058, 115781953, 62016033
Кандалакша:80319413, 34794509, 79838838, 8795977
Тында:133359029, 176912270
Тайшет:140877919, 110477762, 210559652, 176912316
Тавда:148759593, 31870377, 140730603, 121590985, 176912452
Сердобск:122849605, 176217085, 167125939, 43810244
Валуйки:129162514, 133722075, 124815653, 95150873
Гулькевичи:117014234, 196666610, 136191832, 72746671, 134012257
Вятские Поляны:145340575, 117940326, 118260353, 200322443
Истра:77416308, 172504035, 111128650, 68575488
Тейково:177231596, 91225755, 122455118, 160045052
Абинск:93521645, 129565578, 125021825, 173096585, 132291828
Азнакаево:54380567, 83005032, 117312257, 79327392, 58604248
Новокубанск:162007830, 48877141, 131454796, 176963005
Сухой Лог:81168379, 75252163, 91830429, 106993979, 176963126
Углич:44764196, 127324081, 153888053, 93786667, 108942305
Кинель:75707367, 73562620, 184573759, 28648548
Благовещенск:79253902, 142581966, 133359029
Югорск:45863799, 137650011, 124119068, 131794393, 11553418
Слободской:207194306, 93018604, 133961386, 160598593
Острогожск:160044074, 122767751, 104577614, 176963938
Добрянка:54467151, 48688355, 85204125, 69076240, 62570325
Трёхгорный:19256085, 92410625, 172469740, 140807378
Сланцы:49444901, 20300360, 25699231, 124421127, 176964085
Корсаков:176964324, 188309862
Касимов:68213062, 66670234, 171586464, 94542876
Муравленко:176964483, 95278529, 56842528, 35866246, 90242593
Чернушка:65692728, 197920032, 143952478, 73866805, 23968800
Юбилейный:207854160, 99215427, 213645128
Артёмовский:176964909, 108438800
Сосновоборск:15236005, 126024728, 103445718, 111891689, 162100126
Кондопога:160544367, 89244011, 132694326, 150541855
Шатура:136433791, 95986162, 100682656, 176964970
Щербинка:56236378, 122994904, 148834192, 206106677, 124502764
Благодарный:161658513, 176964998
Балтийск:108045882, 90536738, 170418961, 77941397
Нововоронеж:159859886, 172274904, 150879684, 176965249
Нурлат:7675387, 169746234, 133655667, 137078723, 76892833
Зима:190899078, 118130486, 162327688
Славгород:162107706, 79281696, 133407759, 176966965
Котельники:111826905, 98602275, 48557307, 161940547
Приморско-Ахтарск:162007905, 202699589, 138976522, 199249553, 176965439
Инта:
Аша:162493363, 104735770, 90313275, 63914589
Богородицк:176965682, 51352724, 106185337, 73189932
Киров:63046834, 118697177, 115134119, 132458763, 215405787
Котовск:159981558, 176580194, 117330750, 162866958
Старая Русса:16153595, 135423830, 189841156, 26800229
Ростов:44070197, 43129684, 141768636, 92775033, 101115051
Шумерля:28757749, 118154950, 121846276, 140761540
Гагарин:108466675, 149815058
Нарткала:205284966, 148934265, 140721724
Великий Устюг:133451045, 105271213, 120708991, 71520352
Маркс:176966118, 104643636, 104630796, 122320560
Можайск:1426157, 81989534
Борзя:201919213, 119909122, 140607418
Ликино-Дулёво:176966215
Дюртюли:109556744, 117803911, 134659108, 116641369
Петровск:90504787, 161940639
Карабулак:205300471, 81321367, 118974805
Малгобек:205300471, 127343043, 140604030
Удомля:107835399, 191467687, 102043455, 190664650, 176966666
Холмск:93521645, 149177499, 132291828
Городец:98016008, 114676179, 102059734, 112250456
Богданович:166144893, 78241929, 23496264, 106993979, 176965772
Дагестанские Огни:160628959, 198080355
Усть-Джегута:140597861, 160900297
Верхний Уфалей:185545530, 98443949, 18846987
Малоярославец:178064717, 128697028, 94923062, 160477714
Барабинск:143213812, 13670919, 162786372, 176966989
Скопин:94542876, 31838145, 160047376
Мирный:94260399, 190974173, 166311842, 7050801
Еманжелинск:78821903, 161414115, 98514161, 101738198
Кушва:35588822, 123158682, 158058331, 134688567
Горячий Ключ:143727859, 150194793, 96551123, 187012903, 106586006
Киржач:145096035, 108380034, 117506238, 160041338
Луховицы:93510815, 109265081, 98881588, 95601899
Десногорск:98750319, 164589027, 111783633, 176967223
Сегежа:55880600, 161281103, 85444842, 78976429, 140521254
Аргун:188309891, 198080241
Алейск:72599259, 176998861
Дятьково:137075974, 174800215, 160039880
Кохма:160044888, 140514276
Знаменск:26440262, 120766588, 133357659
Дедовск:68575488, 172504035, 128765617, 50237763
Североуральск:49791448, 100151614, 13069835, 85652715
Сорочинск:29689877, 125071757, 155923612, 70255018
Карталы:51293650, 62691701, 90957664, 86799833, 18220806
Карпинск:79085077, 92031455, 185295336, 8625553
Кудымкар:121184901, 33787304, 100824196, 102751564, 188247625
Кировск:63046834, 175289155, 93871962, 127724141
Топки:59764206, 138289463, 203577394, 176998780
Карасук:161726910, 92019429, 105201124, 100912328, 176998648
Кимовск:176998896, 132444940, 140478913
Костомукша:205300815, 77908535, 181946686, 160963507
Соль-Илецк:115244945, 121120127, 120279735, 80230374
Дивногорск:51651959, 114544133, 130317172, 176999346
Гусев:31670551, 112295318, 158755645, 21357393
Похвистнево:41339566, 197189941, 98817797, 88345981
Сасово:101698368, 109765019, 150757474, 94542876
Сосногорск:132518080, 69997607, 128602846, 129943823, 160561205
Советская Гавань:161282441, 195228218
Нефтекумск:140440957, 176999944
Морозовск:91604463, 82236659, 162325676
Полысаево:137979284, 69463772, 122329516, 122894750, 177000263
Дальнереченск:140408057, 177000297
Губаха:81460060, 114275990, 114009342, 111344892
Тара:101525743, 97361561, 108930402
Медногорск:152937947, 97166327, 119651210, 177000399
Октябрьск:88544772, 112652747, 109492342, 154789299, 98514556
Бутурлиновка:83977996, 130241134, 130674318, 159859667
Янаул:109556744, 156171613, 173281667, 151766403
Лабытнанги:166072752, 118762855, 36040269, 94581225, 177000741
Калач-на-Дону:84782285, 118612578, 169664260, 135181666, 177000795
Камышлов:138906638, 133656619, 181383675, 94902736
Зерноград:140401481, 212623575, 177000906
Уварово:85637911, 206501448, 120091531, 177000965
Заречный:200225210, 70627318, 185951120, 176742208
Новоалександровск:177001265, 117430637, 127919971
Майский:64463889, 125105973
Новопавловск:177001478, 140369348
Советский:45863799, 11553418
Балабаново:121722624, 120560822, 147367230, 91442434, 160478791
Родники:79417974, 48629296, 129749641, 76720264
Красноармейск:97495593, 138567527, 130381589
Унеча:108932987, 143113692, 144782654
Кувандык:160627412, 89324385, 84296732, 177017520
Железногорск-Илимский:162098469, 177017627
Ипатово:188310545, 109925789, 145257926, 177017851
Семилуки:177017877, 198989373, 112885189, 160437763
Озёры:83581284
Буй:177017995, 198420566
Заводоуковск:184033749, 79122344, 79519624, 166074150
Кировск:63046834, 175289155, 93871962, 127724141
Аткарск:109679690, 106415426, 117229690, 140323458
Асино:176837698, 127424371, 161191881
Киреевск:74415804, 117703103, 127225339, 177018356
Богородск:150570961, 91349065, 165726409, 177018425
Обь:37476058, 77683224
Тайга:162181586, 177018594
Павловск:84066701, 93454401, 151256088, 198003400, 78385875
Зея:140316095
Котельнич:207194306, 145853259, 124577997, 177018877
Красноуральск:161196045, 124111577, 106237736, 67986617
Ленск:177019061, 215300726, 91422148, 201011638
Северобайкальск:205286956, 130316918, 160898139
Гурьевск:125907439, 181940584, 124594644, 140312986
Зарайск:161724378, 109265081, 95601899
Гусиноозёрск:160898528, 72632855
Невьянск:89151665, 91450603, 165912717, 113436909, 74758304
Бежецк:107835399, 134830644, 94781194, 161221979
Железноводск:177019388, 143185650
Исилькуль:108930402, 100627192, 106841166, 184184949
Семёнов:177019546, 162325137
Красноармейск:97495593, 138567527, 130381589
Татарск:161727193, 91120450, 177017785
Колпашево:63460321, 154434718, 184666795, 140282170
Котово:14005793, 175438429, 177019638
Давлеканово:80099739, 149276339, 118883157, 160565314
Строитель:112349188, 172244866, 54308492
Вельск:86657132, 88422162, 125324699, 76803981
Семикаракорск:177019921, 213803285, 112317898, 140278491
Отрадное:94491795, 11800475, 129212320
Карачаевск:140265801, 181004233
Фокино:188310516, 80514718
Шарья:159866517, 37027081, 140263118
Омутнинск:32650646, 201178264, 188171606, 156296980, 177020076
Усть-Катав:141856721, 90313619, 120352605, 172591271, 140262178
Калачинск:92027611, 97225873, 78227805, 91624635, 127115705
Бологое:107835399, 78352885, 47608495, 140259502
Волоколамск:140244014, 72085349, 51359432, 152007355, 115360793
Губкинский:141480896, 91054403, 108817227, 36853668
Таштагол:177038491, 174607889, 79410149
Оленегорск:136564908, 123916715, 134073747
Оха:161405115, 187740390, 177038786
Кубинка:161911503, 177680870, 97485899, 177038817
Вилючинск:123399629, 177038989
Нелидово:177039024, 43258987
Нерехта:159866616, 160786661, 118245498, 177039235
Николаевск-на-Амуре:140239538, 161282340
Нижний Ломов:140239203, 165004918, 119985619, 84315707
Лосино-Петровский:161940639, 94759563, 117946175, 91979504, 177039598
Лермонтов:105880757, 140192572
Вихоревка:140190387, 95319355, 157988953, 177039698
Никольск:117226705, 11800475, 181126567, 138772581
Зверево:177039889, 95025179, 117705876, 113378084
Няндома:160686878, 117822269, 177040361
Дудинка:162353736, 137283252, 72223544
Верещагино:188247655, 98461950, 195919910, 195704967, 177039420
Электрогорск:78623353, 88869542, 140186627
Бавлы:89186896, 76924069, 102355342, 43455702
Менделеевск:177040563, 83260541, 119600543, 86047786
Нижняя Тура:35588822, 89056339, 123171937, 49399955
Тогучин:177041706, 65267911, 197935070, 140154280
Калтан:177040794, 75968316, 126407723, 79410520
Лысково:164977841, 140376634, 150431661, 177040875
Старая Купавна:177040949, 120241527, 117909195, 12801254
Куровское:82649045, 99638545, 97070949, 177041013
Ряжск:94542876, 168322261
Остров:13024857, 164945010, 144809791, 200226087
Хотьково:177041141, 122760156
Хадыженск:177041533, 75396199, 140155127
Пикалёво:177041592, 103303879, 131749951, 14100918
Льгов:107630421, 91846362, 177041760
Ершов:177041811, 137502442, 152210719
Сергач:81770728, 117959574, 117487013, 129657956
Светлый:54113314, 161223861
Онега:48879554, 23047365
Ковылкино:177042343, 122392743, 113048855, 96799766
Нарьян-Мар:177042390, 90676189, 183415026, 97421171
Алдан:177042425, 184642556, 85249206
Рошаль:134399995, 100682656, 177042646
Козьмодемьянск:49846293, 109312575, 102183028
Оса:54844652, 138479890, 140818879, 189138658
Бронницы:177042712, 53758301, 138114431, 177382187
Данков:127724897, 94536629
Лодейное Поле:177042851, 67960260, 15309798, 186476190
Боготол:127719822, 134624622, 174625085, 120712767, 117714156
Кировград:79745222, 165912717, 119900953, 89151665
Тырныауз:188310018, 125512846, 198102794
Лебедянь:132955244, 100068253, 175022047, 177042935
Черноголовка:75054705, 28714294, 117987351, 177435866, 176848362
Бакал:127979279, 87580150, 158834933, 90135268, 146987904
Алагир:188309983, 184641821, 178362579
Шахунья:177042230, 48991225, 201127820, 76202576, 195044440
Суровикино:139891339, 94748214, 84816159, 170860262, 160855904
Райчихинск:177043518, 124778637, 113740164, 188310454
Сысерть:177043312, 95333673, 119900320, 161647013
Среднеуральск:163880845, 87611974, 82290395
Котельниково:188310432, 97504295, 154802000, 177043738
Тарко-Сале:166073170, 117622757, 104200664, 177043810
Буинск:177043895, 121216409, 139920041, 117000771, 137079379
Белоярский:177043982, 136479966, 162428082
Пролетарск:177044234, 186762237, 163856270
Коммунар:177044321, 78484606, 130312753, 69984777
Пущино:177044394, 106065836, 121437459, 18910618
Абдулино:121513373, 118601859, 100237728, 177043263
Электроугли:60571445, 94791281, 92287007
Калач:92027611, 97225873, 169664260, 118612578, 127115705
Кяхта:177044701, 109665776, 72632921
Шимановск:105564341, 189809235
Черепаново:104129724, 131217560, 182261540, 102271971, 64696634
Бобров:179336280, 197936736, 162984029
Карачев:108932987, 158530702, 190907421
Кизел:73241536, 118428671, 73362903, 50041020, 111344892
Юрьев-Польский:198442882, 31328664, 177545528, 173847289
Новый Оскол:145190644, 216239522
Собинка:13710386, 132747740, 68786680, 198442896
Никольское:137959285, 11800475, 158686792, 66598065
Новомичуринск:188310414, 175173423, 121920902
Агрыз:40149144, 56304558, 113446945, 163192504, 48264220
Нефтегорск:4621310, 101907737, 122483101, 68147132
Сортавала:205300815, 100077954, 3521678, 103767997, 20419183
Терек:198102794, 129699222, 148794599, 142734341
Нытва:168961861, 75509608, 115126181, 203013207
Стародуб:174016070, 106035460
Суворов:56330559, 109484364, 115755136
Приозерск:45617610, 70918220, 106424393, 123001861
Ковдор:25932415, 105384884, 105923589, 115665554, 40320939
Куса:200195595, 94057895, 90314204, 109811147, 161725979
Ардон:188309956, 198102794
Енисейск:184760686, 130185584, 13853962
Усмань:94536629, 176990853, 208560686, 106382969, 159920914
Подпорожье:104100042, 67960260, 15309798, 117226705
Яровое:125263013, 139537641, 123462526, 72600365
Петровск-Забайкальский:90504787
Инза:133834824, 198502399, 195670322, 197287438
Слюдянка:115820916, 131307758, 131982274, 197637262
Апрелевка:23997883, 157538174, 117394655, 129833159
Рыбное:159953266, 172595107, 162355043
Жуковка:99563224
Радужный:66388399, 43465687, 67992452
Харабали:133357659, 121603957, 188310377
Козельск:99741665, 81121734, 171889334, 168732920
Арск:27484206, 34439293, 107469928
Осташков:20014632, 78056153, 117415848, 72390987
Чегем:139758704
Почеп:139518241, 215334990
Сельцо:159827293
Константиновск:188310349, 124805569, 71398373
Туринск:151121377, 18573389, 188312051, 128785615, 112741834
Новоаннинский:99561845, 168812965, 122131433, 158812961
Шумиха:88267075, 90689167, 101194018, 79074120, 56934088
Гаврилов-Ям:187654751, 184602855
Ивдель:5945070, 85652715
Покров:10130868, 158448880, 137131594, 149860962
Баймак:80099973, 119166205, 196997953, 52771042, 89365756
Поворино:154836674, 123663619, 160044220
Катав-Ивановск:166146535, 142162856, 119562516, 185932840, 111665232
Нижняя Салда:78402342, 72830736
Мантурово:187293642, 148684523, 72564651, 145833849, 188310329
Голицыно:113893923, 59424600, 131946466, 40040213
Бородино:109569602, 170080061, 149417608
Ясный:160928612, 156996205, 150107514
Московский:141782219, 93878084
Межгорье:108683789, 131586456, 86272215, 124130356
Галич:187293642, 80177861
Пласт:139742303, 85871378, 94923420
Полярный:125357963, 107575240, 160755250
Яранск:207194306, 29927043, 192985758, 93143967, 79121459
Кирсанов:130029906, 120849610, 181168216
Бикин:170148002
Барыш:89235610, 74770146, 96422244, 162128786
Абаза:201922739, 138436772
Волгореченск:100455216, 175740670
Куртамыш:187294084, 75080039, 178684571, 139654992
Покачи:161538104, 82550878, 137689154, 135458335, 44516472
Щигры:88367391, 73901363
Новоузенск:195107598, 134340184, 189578812
Касли:74975697, 105550086, 119562473, 150332320, 187731455
Жирновск:14005793, 160604214
Ясногорск:183184136, 215538504, 76378535, 183410434
Приволжск:94179396, 101913320, 65062410
Кондрово:95862824, 78116160, 178388024, 131557579, 62020667
Бокситогорск:102685762, 108988966, 202260610, 131749951, 14100918
Советск:45863799, 95020807, 137650011, 21200965
Болотное:179762731, 99063731, 208445794
Мензелинск:86038354, 86455469, 118749027, 170942906
Калининск:110520191, 93871926, 180465975
Навашино:62016033, 193593712, 118412396, 115781953, 139577061
Звенигород:118990444, 96390498, 59424600, 131946466, 170217374
Агидель:109556744, 80610440, 72899065, 80103640
Невель:103061281, 129789014, 195268939
Сухиничи:160479015, 183525912
Камызяк:137484329, 122064904, 136179173
Плавск:139565446
Талица:170217708, 182268742, 174381118, 192315088
Кашин:181704392, 26680443, 5522751
Иланский:139447664, 110445018, 180783597
Валдай:8121913, 146527792, 119093754, 218696100, 111649346
Поронайск:188310294
Красновишерск:139710238, 74724352, 54955143
Ужур:85584249, 140000923, 115907955, 174187521, 138592171
Павловск:84066701, 93454401, 151256088, 198003400, 78385875
Новоульяновск:188310249, 70204151
Краснослободск:106352875, 110416725, 87051478
Палласовка:139388499, 164832000, 139786162, 113840355, 105199642
Светогорск:126783271, 105184746
Пестово:200222525, 72899518, 94088229, 41682706
Данилов:71639532, 134189570, 108942305
Заполярный:160755777, 117770683, 106838348, 44216668
Лакинск:13710386, 132747740, 93147504, 160434587
Рыльск:139375989, 120343171, 185854889, 108605755
Медвежьегорск:60460828, 172959093, 57584383, 169796582
Грязовец:55298298, 108405553, 110198779, 58968445
Ленинск:133722807, 69463772, 101696795
Дегтярск:161492373, 105310614, 107188703, 178042462, 167585167
Чудово:200222525, 183154229, 57183505, 176812640, 3064287
Бодайбо:139345461, 105630873
Венёв:139344522
Жердевка:180648629
Алма-Ата:144154977, 111036884
Нур-Султан:191589202, 101809816, 192106082
Шымкент:158129328, 108254081, 96147795, 209450421
Караганда:102685171, 118338154, 112558453, 121210896
Актюбинск:76607485, 103197570, 85052211
Тараз:209450166, 97361561, 99946839, 177073060
Павлодар:97718402, 102031086, 114054794, 70002735
Усть-Каменогорск:67571002, 103947801, 108429154, 102031216, 192106351
Семей:98061479, 85462446
Уральск:71813762, 90518774, 89257557, 43300145, 78617631
Костанай:98964749, 87832467, 106546158, 106197358
Кызылорд:114993367, 135054085, 110947019, 177073200
Петропавловск:82965714, 79643520
Атырау:122640160, 106523815, 111231761, 96691937, 141484977
Актау:116197680, 75997599, 120409621, 59963760
Темиртау:99299805, 98293163, 213803451, 141485371
Туркестан:118604114, 96366334, 177073367
Кокшетау:172665761, 95350654, 121768993, 63762257, 164614664
Талдыкорган:112411451, 120569153, 97717289
Экибастуз:74285164, 133795755, 84076200, 84802011
Рудного:158839858, 104094280
Жанаозен:116197680, 104087960, 125021712, 99128201
Жезказган:209450727, 213803347, 117309464, 110811956, 13813347
Байконур:98385539, 70677882, 121426842, 125209064, 164075444
Балхаш:141920158, 116278342, 68218190, 218321917
Кентау:72027407, 104316748
Каскелен:125391043, 197950789
Сатпаев:114834682, 129876229, 115888811, 110811956, 117603045
Кульсары:141945037, 116839529, 116812523, 125393017
Риддер:117412858, 113148400, 118245901, 140656097, 118172105
Минск:24749774, 58641250, 75480714, 106486194, 62398803
Гомель:13131414, 60398946, 12892759, 86199561, 164129495
Витебск:67645784, 66380214, 60431285, 90685063, 83564934
Гродно:74790645, 60431337, 95995530, 164991541, 181262567
Могилев:164511274, 40291544, 79653187
Брест:66807244, 59695880, 60398895, 42207833, 82238934
Бобруйск:79653187, 79342754, 133163159, 135670433, 72865904